n = 20
m = 15
c = 10

problem 1
---------
1  1  1  0  1  0  0  0  1  1  1  0  0  0  1  1  1  0  0  1  
0  1  1  0  1  0  0  0  0  0  0  1  0  0  0  0  1  1  0  0  
0  1  0  0  1  0  0  0  0  0  0  0  1  0  1  0  1  0  1  0  
0  1  1  0  1  0  0  0  0  1  1  1  1  0  0  0  1  1  0  0  
0  0  0  0  0  1  0  0  1  1  0  1  0  1  1  0  0  1  1  0  
0  1  1  1  0  0  0  0  1  0  0  1  0  1  0  0  0  1  0  0  
1  1  0  1  0  0  1  0  0  0  1  0  1  1  0  0  1  1  1  0  
0  0  0  1  0  1  0  1  0  0  0  1  0  0  0  1  0  1  0  1  
1  0  0  1  1  0  0  0  1  1  0  1  0  0  1  0  1  1  0  1  
1  0  1  0  0  0  0  0  1  0  1  1  1  0  0  1  1  0  1  1  
0  0  1  0  0  1  0  0  1  0  0  0  0  1  0  1  1  0  0  0  
0  1  0  1  1  1  0  0  1  0  1  0  1  1  1  1  0  0  0  1  
1  0  1  0  0  0  1  0  0  1  1  1  0  1  0  0  1  0  1  0  
1  1  1  0  1  0  1  1  1  1  0  0  0  0  0  0  0  0  0  0  
0  0  0  0  0  0  1  0  1  0  0  0  0  0  1  1  0  0  0  0  
problem 2
---------
1  0  0  1  0  0  1  0  0  0  0  1  1  0  1  0  1  0  1  1  
1  0  0  0  0  0  0  1  1  1  0  0  1  0  0  1  0  0  0  1  
1  0  0  1  1  0  1  1  0  0  1  1  1  1  0  1  1  1  0  0  
0  1  1  0  0  0  0  0  0  0  1  0  1  0  0  1  0  1  0  0  
1  1  0  1  0  1  0  0  1  1  0  0  0  1  1  0  0  0  1  0  
0  1  0  1  1  0  1  1  1  0  1  0  1  0  1  0  0  0  0  1  
1  0  0  1  1  1  0  0  0  0  0  0  0  0  0  0  0  0  0  0  
0  0  0  0  0  0  0  1  0  1  0  1  1  0  1  0  0  0  0  1  
1  0  0  1  0  0  1  0  0  1  1  0  1  1  0  0  0  0  0  1  
0  0  1  0  0  1  1  1  0  0  1  1  0  1  0  0  1  0  1  1  
1  0  0  0  1  0  0  1  1  1  1  1  1  0  1  0  1  0  1  0  
1  0  0  0  0  1  1  1  0  0  0  1  1  0  0  1  0  1  0  1  
1  0  1  1  0  0  0  1  0  0  0  0  1  0  0  0  0  1  0  0  
1  0  0  0  0  0  1  1  0  1  1  0  0  0  0  0  1  0  0  1  
0  0  0  1  0  1  1  1  0  0  1  0  0  0  0  1  1  1  1  0  
problem 3
---------
0  1  0  1  0  0  1  1  0  1  0  0  0  0  0  1  1  0  1  1  
0  1  1  0  0  0  0  0  1  0  0  1  0  0  1  0  0  0  0  1  
0  0  0  0  1  0  0  0  1  0  0  1  0  0  1  1  1  1  0  0  
1  1  0  0  0  0  1  0  0  0  0  1  1  1  0  0  1  0  0  1  
1  1  1  0  1  0  0  0  0  0  0  1  0  0  0  0  0  1  1  1  
0  0  0  0  0  1  0  1  1  0  1  1  1  0  0  0  1  1  1  1  
0  0  0  0  1  0  0  0  1  0  0  0  0  1  1  1  1  1  0  1  
0  0  1  0  1  0  0  0  1  1  0  1  0  0  0  1  0  0  0  0  
0  1  0  0  0  0  0  0  1  1  1  1  0  0  1  1  0  0  1  1  
1  0  1  0  0  1  1  1  0  1  1  0  0  0  1  0  0  0  0  0  
0  1  0  0  1  0  0  0  1  0  0  1  0  1  1  0  0  0  0  1  
0  1  0  0  0  0  1  0  1  1  0  0  1  1  0  0  0  1  0  0  
1  1  0  1  1  0  0  0  1  0  0  0  0  0  1  1  1  0  1  0  
0  0  1  0  1  1  0  0  0  1  0  1  1  1  1  0  0  0  0  0  
0  0  1  1  0  0  0  0  0  1  1  1  0  0  0  0  0  0  0  1  
problem 4
---------
1  0  0  0  1  1  0  1  0  1  1  1  0  1  1  1  0  1  0  0  
0  0  1  0  1  0  1  1  1  0  0  0  0  0  1  0  0  1  0  0  
0  0  0  1  1  1  0  1  0  1  0  1  0  1  0  0  0  1  0  1  
0  0  0  1  1  0  1  0  0  1  0  0  1  0  1  0  0  0  0  0  
1  0  0  1  0  0  0  0  1  0  0  1  1  1  1  0  0  0  1  0  
0  0  0  0  0  1  0  1  1  1  1  0  1  0  0  1  1  0  1  1  
0  1  1  1  0  1  0  0  0  0  1  0  0  0  0  0  1  0  0  1  
0  0  0  0  1  1  0  0  0  0  1  1  0  1  1  1  0  1  1  1  
0  0  0  1  1  0  0  0  0  0  0  1  0  1  1  0  0  1  0  1  
1  0  0  1  1  0  0  0  0  0  1  0  1  0  1  0  1  1  1  0  
1  0  0  0  1  0  1  0  0  0  0  0  0  1  1  0  0  0  0  0  
1  0  0  0  0  1  0  0  0  0  0  0  1  1  1  0  0  1  0  0  
0  0  0  0  0  1  1  1  0  1  1  0  1  0  0  0  0  0  1  1  
1  1  0  1  1  0  0  0  0  1  1  1  0  1  0  0  0  1  1  1  
1  1  0  0  1  0  0  0  0  1  0  1  0  0  1  1  1  0  0  0  
problem 5
---------
1  1  1  0  1  0  0  0  0  1  1  0  1  0  0  1  1  0  1  1  
1  1  1  1  0  1  0  0  1  1  0  0  0  0  0  1  0  0  0  1  
0  1  0  0  1  0  1  1  0  0  1  0  1  1  0  0  1  1  1  1  
0  1  1  0  0  0  1  1  0  1  0  1  1  1  1  1  1  0  0  1  
0  0  1  0  0  0  0  0  1  0  1  1  1  0  1  0  0  0  0  0  
0  0  1  1  1  0  0  0  0  0  1  0  0  0  0  0  0  0  0  1  
1  1  0  0  0  0  1  1  0  0  0  0  0  1  1  0  0  0  1  1  
1  0  0  1  0  1  1  1  1  1  0  0  0  1  0  0  0  1  0  1  
1  1  1  0  0  0  0  0  0  0  1  1  0  1  0  1  1  0  1  1  
1  0  0  1  0  0  1  1  0  0  0  0  1  1  0  1  1  0  1  0  
1  0  0  1  0  1  0  0  1  1  0  1  0  0  0  1  1  1  0  0  
0  0  1  0  1  1  1  0  0  1  0  0  0  1  0  1  0  0  0  1  
1  1  0  0  0  0  1  1  0  0  1  0  0  0  1  1  1  0  0  0  
1  0  0  0  1  0  0  0  0  1  1  1  0  1  1  1  0  1  0  0  
1  0  0  1  1  1  0  1  0  0  1  0  0  1  0  0  1  0  0  0  
problem 6
---------
1  1  1  0  0  1  0  0  1  0  0  0  0  0  1  0  1  0  0  0  
0  0  0  1  0  1  1  0  1  0  0  0  0  1  1  0  0  1  1  1  
1  0  0  0  0  1  1  0  0  1  1  0  0  0  1  1  0  0  1  1  
0  0  1  0  0  0  0  0  1  0  0  1  0  1  0  0  0  1  0  0  
0  1  0  0  0  1  0  0  1  1  0  0  0  0  0  1  0  0  0  1  
1  0  0  0  0  0  1  0  0  0  1  0  1  0  0  1  0  1  1  1  
1  0  1  1  0  0  1  1  0  1  0  1  0  0  1  0  0  0  0  0  
0  1  0  1  1  0  1  0  0  1  0  1  0  0  1  1  1  0  0  1  
0  1  0  1  0  0  0  0  1  1  0  0  0  1  0  0  1  0  0  1  
1  0  0  1  0  1  0  0  1  1  0  0  1  1  0  1  1  0  1  1  
0  0  0  1  1  0  0  0  0  0  0  1  0  1  0  0  0  1  1  0  
0  1  0  0  0  1  0  1  0  0  0  0  1  0  0  0  0  0  0  0  
0  1  0  1  0  1  0  0  0  1  0  0  0  1  0  0  0  0  1  0  
0  0  1  0  1  0  0  0  1  0  1  0  1  1  0  0  1  0  0  0  
0  0  1  1  0  1  0  0  1  0  0  1  1  1  0  1  1  0  0  0  
problem 7
---------
0  0  1  0  0  0  1  1  1  1  1  0  0  0  0  0  0  0  1  0  
1  1  0  0  0  1  1  1  0  1  1  0  0  0  1  0  1  1  0  0  
0  1  0  1  0  0  0  0  0  0  0  1  0  1  0  0  0  1  0  1  
1  0  0  1  1  0  1  1  1  0  1  1  0  1  0  1  0  0  1  0  
1  0  0  1  1  1  1  1  1  0  0  1  1  1  1  0  1  0  1  0  
0  0  0  0  1  1  0  0  0  1  1  1  0  0  1  0  0  0  0  1  
0  0  1  0  1  0  0  1  0  1  0  0  1  0  0  0  1  0  1  0  
1  0  1  0  0  1  0  1  1  0  0  1  0  1  0  0  0  0  1  0  
1  0  1  0  0  1  0  0  0  1  0  1  0  0  0  1  1  0  1  0  
0  0  1  1  1  1  0  1  0  0  1  0  0  1  1  0  1  1  1  0  
1  0  0  0  1  1  1  0  1  0  0  1  0  1  0  0  0  1  0  0  
0  1  1  0  1  0  1  0  1  0  0  0  0  1  1  1  0  0  0  1  
1  0  0  1  1  0  0  0  1  0  0  0  1  0  0  0  1  0  1  1  
0  0  0  0  0  0  0  1  1  0  1  1  1  1  0  0  0  1  1  1  
1  0  1  1  1  1  0  1  0  1  0  0  1  1  1  0  0  0  0  1  
problem 8
---------
0  1  1  0  1  1  0  0  0  0  1  0  0  1  0  1  1  0  0  0  
0  0  1  0  1  0  0  0  1  0  1  1  0  0  0  0  1  1  0  0  
0  1  1  1  0  0  0  0  0  0  0  1  0  1  1  0  0  0  1  1  
0  1  1  0  1  0  1  0  0  0  1  1  1  0  1  1  0  0  0  0  
0  0  0  0  0  1  1  1  0  1  0  1  0  0  1  0  0  0  0  0  
1  0  0  0  0  0  0  1  1  1  0  0  0  0  0  0  1  0  0  0  
0  0  0  0  0  0  0  0  0  0  0  0  1  1  1  0  0  1  1  0  
0  1  1  0  1  0  0  1  1  0  1  1  1  1  1  0  0  0  1  1  
0  1  0  0  0  0  1  0  0  0  0  0  0  0  0  1  0  0  1  1  
0  0  0  1  0  0  0  0  0  1  1  0  0  0  0  1  0  0  0  1  
0  1  1  0  1  0  0  1  0  0  0  0  0  1  1  0  0  1  0  0  
0  1  0  1  0  0  0  1  0  0  0  1  0  1  1  0  0  0  0  0  
0  1  1  0  0  0  0  1  0  0  0  0  1  0  0  0  1  1  0  1  
0  0  0  0  1  0  0  1  1  1  0  0  1  1  0  0  0  0  0  1  
1  1  1  0  1  0  0  0  0  0  0  1  0  1  1  1  0  0  0  0  
problem 9
---------
0  0  0  1  1  0  1  0  0  1  0  0  1  0  0  1  0  1  0  0  
0  1  0  0  0  0  0  1  1  0  0  0  0  0  0  0  0  0  0  1  
0  0  0  0  0  0  0  0  0  0  0  0  1  0  1  1  1  0  0  1  
0  0  0  0  1  0  0  0  1  0  1  0  1  0  1  0  0  1  1  0  
0  0  0  1  0  0  0  0  0  1  1  1  0  1  0  1  0  1  1  0  
1  0  0  0  0  1  1  0  0  1  1  1  0  0  1  0  0  0  0  0  
1  0  1  0  0  0  0  0  1  1  1  0  0  0  0  0  0  0  0  1  
1  0  1  0  0  0  0  0  0  1  0  0  1  1  0  0  0  1  0  1  
1  0  0  1  1  1  0  0  1  1  1  0  1  1  0  0  0  1  0  0  
0  0  1  1  0  1  1  0  0  0  0  1  1  1  0  1  1  0  0  0  
0  0  0  1  0  1  1  0  0  1  1  0  0  1  0  0  1  0  0  0  
1  0  1  0  1  0  0  0  1  0  0  1  0  1  1  0  0  0  0  0  
0  0  0  0  1  0  0  1  0  1  1  0  1  1  0  1  0  0  1  0  
0  1  0  0  0  0  0  0  0  1  0  0  0  1  1  0  0  0  0  0  
1  0  0  0  0  0  0  0  0  1  0  0  0  1  1  0  0  1  1  0  

problem 10
---------
1  0  0  1  1  0  0  0  0  1  0  1  1  1  1  0  1  0  0  0  
1  0  0  1  1  0  0  0  1  0  0  1  1  0  0  0  0  0  0  1  
0  0  0  0  0  1  0  0  1  1  0  1  1  0  0  0  1  1  0  0  
1  0  0  0  0  0  0  0  1  0  0  1  0  1  1  0  0  0  0  1  
1  0  0  0  1  0  1  0  0  1  1  1  0  1  0  1  0  0  0  1  
0  1  1  0  0  0  0  0  0  1  0  0  1  0  0  1  0  0  1  0  
0  0  0  1  0  0  0  1  0  0  0  0  0  1  0  0  1  0  0  0  
1  0  0  0  1  0  0  0  1  0  1  1  1  1  0  0  1  0  0  0  
1  0  0  0  1  1  0  0  0  0  0  0  0  1  0  1  0  0  1  0  
1  0  1  0  0  0  0  0  0  0  1  0  0  0  1  0  0  1  0  1  
1  1  0  0  0  1  1  0  0  0  0  0  0  1  1  1  0  0  0  0  
1  0  0  0  1  0  0  0  1  1  0  0  0  0  1  0  1  1  0  0  
0  1  0  0  1  1  0  0  1  1  0  0  0  0  1  0  0  1  0  0  
0  1  0  0  1  1  0  0  0  0  1  0  0  0  1  0  0  0  0  1  
0  0  0  0  1  0  1  1  1  0  0  0  1  0  1  0  0  1  1  0  
