n=10
m=10
min=2
max=4
c=4

problem 1:
---------

0 0 1 1 0 1 0 0 1 1 
0 1 0 0 0 0 0 0 0 1 
0 1 0 0 0 1 0 0 0 0 
0 0 0 0 0 0 0 0 1 1 
0 0 0 1 1 0 1 1 1 0 
1 0 1 0 0 1 1 0 0 0 
1 0 0 0 0 0 0 1 0 0 
0 0 0 0 1 1 1 1 1 0 
0 0 1 1 0 0 1 0 0 0 
0 0 0 0 1 0 0 0 0 1 

best known value of the number of tool setups: 14

problem 2:
---------

0 0 0 1 1 0 0 0 0 0 
1 1 0 0 0 0 1 1 0 1 
1 0 0 0 1 0 0 0 0 0 
0 0 0 1 0 0 1 0 1 0 
0 0 1 0 0 0 0 1 0 1 
0 0 0 0 0 0 0 0 0 1 
0 0 1 0 0 0 0 0 0 0 
0 1 0 0 0 1 0 0 1 0 
0 0 0 0 0 1 1 1 0 0 
0 1 0 0 0 0 1 0 0 1 

best known value of the number of tool setups: 11

problem 3:
---------

0 0 0 1 0 0 0 0 0 0 
0 0 0 0 1 0 1 1 0 0 
0 0 1 0 0 0 0 1 0 0 
1 0 0 1 0 1 0 0 1 1 
0 0 1 0 0 1 0 1 0 0 
0 0 0 0 0 0 1 0 1 0 
1 1 1 0 1 0 0 1 0 0 
0 0 0 0 0 0 0 0 0 1 
0 1 0 1 0 0 0 0 1 0 
0 0 1 0 1 0 1 0 0 0 

best known value of the number of tool setups: 12

problem 4:
---------

0 0 0 1 0 0 0 1 1 0 
0 0 1 0 0 0 0 0 0 0 
0 1 0 1 0 1 0 1 0 0 
0 0 1 0 0 0 1 0 0 0 
1 0 0 1 0 1 0 0 1 0 
1 0 0 0 1 0 0 1 0 0 
0 0 0 0 0 0 1 0 1 0 
0 1 0 0 0 0 0 0 1 1 
0 0 0 0 1 1 1 1 0 0 
0 0 0 0 1 1 0 0 0 1 

best known value of the number of tool setups: 13

problem 5:
---------

0 0 0 0 0 0 0 0 1 1 
0 1 1 0 0 1 0 0 0 0 
0 1 0 0 0 0 0 1 1 1 
0 1 0 0 1 1 1 0 0 0 
0 0 0 1 0 1 0 1 0 0 
0 0 1 0 1 0 0 0 1 0 
1 0 0 1 0 0 1 1 1 1 
0 0 0 1 0 0 1 0 0 0 
1 1 0 0 0 0 0 0 0 0 
0 0 0 1 0 0 1 0 0 1 

best known value of the number of tool setups: 13

problem 6:
---------

0 0 0 0 0 0 0 0 1 0 
0 1 1 0 0 0 1 0 0 0 
1 0 0 1 1 0 0 0 1 0 
0 0 1 1 0 0 1 0 0 1 
1 0 0 0 0 0 0 0 0 1 
1 0 1 1 0 1 0 0 1 0 
0 0 0 0 0 0 1 1 1 0 
0 0 0 0 1 1 0 0 0 0 
0 0 0 0 1 0 1 1 0 0 
1 1 0 1 0 0 0 1 0 0 

best known value of the number of tool setups: 14

problem 7:
---------

0 0 0 0 0 1 0 1 0 0 
0 1 0 0 0 0 0 0 1 0 
0 0 1 0 1 0 0 0 0 0 
0 1 0 0 1 0 1 0 0 0 
0 0 0 1 0 0 0 1 1 0 
1 0 0 1 0 0 1 0 0 0 
0 0 0 0 1 0 0 0 1 1 
1 0 1 1 0 1 0 0 0 1 
1 0 0 0 0 0 0 0 1 0 
0 1 0 0 1 0 0 0 0 0 

best known value of the number of tool setups: 12

problem 8:
---------

0 1 0 1 0 0 0 1 0 0 
0 0 0 0 0 1 1 1 0 0 
1 1 0 0 0 0 1 0 1 0 
1 0 0 0 1 0 0 0 0 0 
0 0 1 0 0 0 0 0 0 0 
0 1 0 0 0 0 0 0 1 0 
0 0 1 0 0 1 0 0 1 0 
1 0 1 1 0 0 0 0 0 1 
1 0 0 1 1 0 0 0 0 0 
0 0 0 0 1 0 0 0 0 1

best known value of the number of tool setups: 11

problem 9:
---------

0 0 0 0 1 0 0 0 0 0 
0 1 0 1 1 0 0 0 0 0 
1 0 1 0 0 0 1 0 0 0 
0 1 0 1 0 1 0 0 1 1 
1 0 0 0 1 1 0 0 0 0 
0 0 1 0 0 0 1 1 0 1 
0 0 0 0 0 0 1 0 1 1 
0 0 0 1 0 0 1 1 1 0 
0 1 0 1 1 0 0 0 0 0 
0 1 1 0 0 0 0 1 1 0 

best known value of the number of tool setups: 13

problem 10:
----------

0 0 0 1 1 1 0 0 0 1 
0 0 0 0 1 0 0 0 0 0 
0 1 0 0 0 0 1 0 0 1 
1 1 0 0 0 0 1 0 1 0 
0 0 0 1 1 1 0 0 1 0 
1 0 0 0 0 0 0 1 0 0 
1 0 0 0 0 0 1 0 1 0 
0 0 1 0 0 1 1 0 0 0 
0 1 0 0 0 0 0 1 0 1 
0 0 1 1 0 0 0 1 0 0

best known value of the number of tool setups: 12
