n=15
m=20
min=2
max=6
c=10

problem 1:
---------

0 0 0 0 0 0 1 0 0 0 0 0 0 0 0 
0 1 0 0 0 1 0 1 1 0 0 0 0 0 0 
0 0 0 0 0 0 1 0 1 1 0 1 1 1 0 
0 0 0 1 0 0 0 0 0 1 0 0 1 0 0 
0 0 1 0 0 0 0 0 1 0 0 0 0 0 0 
0 0 0 0 0 0 1 0 0 1 0 0 0 0 0 
0 0 0 0 0 0 0 0 0 0 0 0 0 0 1 
0 0 0 0 0 1 1 0 0 0 0 0 0 0 0 
0 0 0 0 0 1 0 0 0 0 1 0 0 0 0 
0 0 1 0 1 0 0 0 0 0 1 0 0 0 0 
0 0 0 1 0 0 0 0 0 0 0 0 0 0 0 
1 0 0 1 0 0 0 1 0 0 0 0 0 0 0 
0 0 0 0 0 0 0 0 0 0 0 0 0 0 1 
0 0 0 0 1 0 0 0 0 0 1 1 0 0 0 
0 0 0 0 1 1 1 0 0 0 0 0 0 0 0 
0 0 1 0 0 0 0 1 0 1 0 1 0 0 0 
0 0 0 0 1 0 0 0 0 0 0 0 1 0 0 
1 1 0 0 0 0 0 0 0 0 1 0 0 1 0 
0 0 1 0 0 0 0 0 0 1 1 0 0 0 0 
0 0 0 0 0 1 1 0 0 1 0 1 0 0 0 

best known value of the number of tool setups: 20

problem 2:
---------

0 0 0 0 0 0 0 0 0 0 0 0 1 1 1 
0 1 0 1 0 0 0 0 0 0 1 1 0 0 1 
0 0 0 0 0 0 0 0 1 1 1 0 0 0 0 
1 0 0 0 0 0 1 0 0 0 0 1 1 0 0 
0 0 1 0 0 0 0 0 0 0 0 1 0 0 0 
1 1 0 1 0 0 1 0 0 0 1 1 0 0 0 
0 0 1 0 0 0 0 1 0 0 1 0 0 0 0 
0 0 0 0 1 1 0 0 1 1 1 0 0 0 0 
0 0 0 1 0 0 0 0 0 0 0 0 1 0 1 
0 1 1 0 0 1 1 0 0 1 1 0 0 0 0 
1 0 0 0 0 1 0 0 0 0 0 0 0 0 0 
0 0 0 0 0 0 0 1 0 0 0 1 0 1 1 
0 1 0 1 1 0 1 0 1 0 0 0 0 1 0 
0 0 0 0 0 0 0 0 1 0 0 0 0 1 0 
0 0 0 0 0 0 0 0 1 0 0 1 0 0 1 
1 0 0 0 0 0 0 0 0 0 0 0 0 0 0 
0 1 0 1 0 0 0 0 0 0 0 0 0 1 0 
1 1 0 0 1 0 0 1 0 1 0 0 0 0 0 
0 0 0 0 0 0 0 0 1 0 0 0 0 0 1 
1 0 0 1 1 0 1 0 0 0 0 0 0 0 0

best known value of the number of tool setups: 22

problem 3:
---------

0 1 0 0 0 1 0 0 0 0 0 0 0 0 0 
0 0 0 0 0 0 0 0 0 0 0 0 0 0 0 
0 0 0 1 1 0 0 0 1 0 0 0 0 1 0 
1 1 0 0 0 0 1 1 0 0 0 1 0 0 1 
0 0 1 0 0 1 1 0 0 0 0 0 0 0 0 
1 0 0 1 1 0 1 0 0 0 0 0 0 1 0 
0 0 0 0 1 0 1 0 0 0 0 1 0 0 0 
0 0 0 0 0 0 0 0 0 0 1 1 0 1 0 
0 0 0 0 0 0 1 0 1 0 0 0 0 0 1 
0 0 0 0 0 0 0 0 0 0 1 1 0 0 1 
0 1 1 0 0 0 0 1 0 0 1 0 0 0 0 
1 0 0 1 0 0 0 0 0 0 0 0 0 0 0 
1 1 0 0 1 1 0 0 1 0 0 0 1 0 1 
0 0 0 0 0 0 0 1 0 1 0 0 1 1 0 
0 0 0 0 0 0 0 0 0 0 0 0 1 0 0 
0 1 0 0 0 0 0 0 0 1 0 0 0 0 0 
1 0 1 1 1 0 0 0 0 0 0 0 0 0 1 
0 0 0 1 0 1 1 0 0 0 0 0 0 1 0 
0 0 0 1 0 1 0 0 1 0 0 0 0 1 0 
0 1 0 0 0 0 0 0 0 0 0 1 0 0 0

best known value of the number of tool setups: 20

problem 4:
---------

0 1 0 1 0 0 0 0 0 0 0 0 0 0 0 
0 0 0 0 0 0 0 0 0 0 0 0 0 0 0 
0 1 0 0 1 0 0 0 0 0 1 0 0 1 0 
0 1 0 0 0 0 0 0 1 0 0 0 0 0 0 
1 0 0 1 1 1 0 1 1 0 0 0 0 0 0 
1 0 0 0 0 0 1 0 0 0 0 1 0 0 0 
0 0 0 0 0 0 0 0 0 1 0 0 1 1 0 
0 0 0 0 0 0 0 1 0 0 0 0 0 0 0 
0 0 0 0 0 0 0 0 0 0 0 0 1 0 1 
0 0 0 0 0 0 0 0 0 0 0 0 0 0 0 
0 0 1 0 0 1 0 1 0 0 0 1 0 0 0 
0 0 1 0 0 0 0 1 0 0 0 0 0 0 1 
0 0 1 0 0 0 0 0 0 0 0 0 0 1 0 
0 0 0 1 0 0 0 0 0 0 0 0 0 0 1 
1 0 0 0 1 0 0 0 0 0 1 0 0 0 1 
1 0 0 0 0 0 0 1 0 0 0 0 0 0 0 
1 0 0 0 0 1 0 0 1 0 0 0 0 0 1 
1 0 1 0 0 1 0 0 1 1 0 0 0 0 0 
0 1 1 0 0 0 0 1 0 0 0 0 1 0 0 
0 0 1 0 0 0 1 0 0 1 1 0 0 0 0

best known value of the number of tool setups: 18

problem 5:
---------

0 0 1 0 0 1 1 0 0 0 0 0 0 0 1 
0 0 0 0 1 0 0 1 0 0 0 0 1 0 0 
1 0 1 0 0 0 0 0 0 0 0 0 0 0 0 
0 0 0 0 1 1 0 0 1 1 1 0 0 0 0 
0 0 0 0 0 0 0 0 0 0 0 1 1 0 0 
0 0 0 0 0 0 0 0 0 0 0 1 0 0 1 
0 0 0 1 0 0 0 0 0 1 0 0 1 0 1 
0 0 0 0 0 0 0 0 0 0 0 0 0 0 1 
1 1 0 0 0 0 0 0 0 0 0 0 0 0 0 
0 0 0 1 1 0 0 0 1 0 0 0 0 1 0 
0 1 1 0 0 0 0 0 1 0 0 0 0 0 0 
0 0 0 0 1 0 1 1 0 0 0 0 1 0 0 
0 0 0 0 0 0 0 1 0 0 0 0 0 0 0 
1 1 0 0 0 0 0 1 1 0 1 0 0 1 0 
0 1 0 0 1 0 0 0 0 0 1 0 0 1 0 
0 0 1 1 0 1 0 0 0 0 1 0 0 1 0 
1 1 0 0 0 0 0 1 0 0 0 0 0 0 1 
0 0 0 0 0 0 0 0 1 0 0 1 0 1 0 
0 0 0 1 0 0 1 0 0 0 0 0 0 0 0 
0 0 0 0 1 0 0 0 0 0 0 0 0 0 0

best known value of the number of tool setups: 21

problem 6:
---------

0 0 0 0 0 0 0 0 0 0 1 0 0 0 0 
1 0 0 0 0 0 1 0 0 0 0 0 0 0 0 
0 0 1 0 0 1 0 0 0 0 0 0 0 0 0 
0 0 0 0 0 0 0 0 0 0 0 0 0 0 0 
0 0 0 1 1 0 1 1 0 1 1 0 0 1 0 
0 1 0 0 0 0 0 1 0 0 0 0 0 0 0 
0 1 0 0 0 0 0 0 1 0 0 0 1 0 0 
1 1 0 0 0 0 1 0 0 1 0 0 0 0 0 
0 1 0 0 1 1 1 0 0 0 0 0 1 0 1 
0 0 0 0 1 0 1 1 0 0 0 0 0 0 0 
1 0 0 0 0 0 0 1 1 0 0 1 0 0 0 
0 0 0 1 1 0 0 0 1 0 0 1 0 0 1 
0 0 0 0 0 0 0 1 1 0 1 0 0 0 0 
0 1 0 0 0 0 0 0 0 0 0 0 1 0 0 
1 0 0 0 0 0 0 0 1 1 0 1 0 1 1 
1 0 0 0 0 0 0 0 0 0 0 0 0 1 0 
0 0 0 0 0 1 0 0 0 1 0 0 0 0 0 
0 0 0 1 0 1 0 0 0 0 0 1 1 0 1 
1 0 1 0 0 0 0 0 0 0 1 1 1 0 0 
0 1 0 0 0 0 0 0 1 0 0 0 0 0 1

best known value of the number of tool setups: 20

problem 7:
---------

1 0 0 1 0 0 0 0 0 0 0 0 0 0 0 
0 0 1 1 0 1 0 0 0 0 0 0 0 0 0 
0 1 1 0 0 0 0 1 0 0 0 0 0 0 0 
0 0 0 0 0 0 0 0 0 1 1 0 0 0 0 
0 0 0 0 0 0 0 0 0 0 0 0 0 0 0 
1 0 0 0 1 1 0 0 1 0 1 0 0 0 0 
0 0 1 0 0 0 0 0 0 1 1 0 1 0 1 
1 1 0 0 0 0 0 0 0 0 0 0 0 0 0 
0 0 0 0 0 0 1 0 0 0 0 0 0 0 0 
0 1 0 1 0 0 1 1 0 1 1 0 0 0 0 
1 0 0 0 0 0 0 0 0 0 0 0 1 0 1 
0 0 0 0 0 0 0 0 0 0 1 0 0 0 1 
0 0 1 0 0 0 0 0 1 0 0 1 0 0 0 
0 0 0 1 0 0 0 0 0 1 0 0 0 0 0 
0 0 0 0 1 0 0 1 0 0 0 0 0 0 0 
0 0 0 1 0 1 1 1 0 0 0 1 0 0 0 
1 0 0 0 0 0 0 0 0 0 0 0 1 1 0 
0 0 0 0 0 0 0 0 0 0 0 0 0 1 1 
0 0 0 0 0 0 0 0 0 0 0 0 1 0 1 
0 0 0 0 0 0 0 0 0 0 0 0 0 0 0

best known value of the number of tool setups: 18

problem 8:
---------

0 1 0 0 0 0 0 0 0 1 1 1 0 1 0 
1 0 0 0 0 0 0 0 0 0 0 0 1 0 1 
0 0 0 0 0 0 0 0 0 0 0 0 0 0 0 
0 0 1 1 0 0 0 1 1 0 1 0 0 0 0 
0 1 0 1 0 0 0 0 1 0 1 0 0 0 0 
0 0 1 0 0 0 1 1 0 0 0 1 0 1 0 
1 0 0 1 0 0 0 0 0 0 0 0 0 1 1 
0 1 0 1 0 0 0 0 0 0 0 1 0 0 0 
0 1 0 0 0 0 0 0 0 0 0 0 0 0 0 
0 0 0 1 0 0 0 1 1 0 1 0 1 0 0 
0 0 0 0 0 0 1 0 0 0 1 0 0 0 0 
0 1 0 0 1 1 0 0 0 0 0 0 0 0 0 
0 0 0 0 1 0 0 1 1 0 0 0 1 0 0 
0 0 0 0 1 0 0 0 0 0 0 0 0 0 1 
0 1 0 0 0 0 1 0 0 0 0 1 0 0 0 
1 0 0 0 0 1 0 0 0 0 0 0 1 0 0 
1 0 0 0 0 0 0 0 1 0 0 0 0 0 0 
0 0 1 0 0 0 0 0 0 0 1 0 0 1 0 
0 0 0 0 0 0 0 1 0 0 0 0 1 1 1 
1 0 0 0 0 0 1 0 0 1 0 0 1 0 1

best known value of the number of tool setups: 19

problem 9:
---------

0 0 0 1 0 0 0 1 0 1 0 0 1 0 0 
0 0 1 1 0 0 0 0 0 0 1 0 1 0 0 
0 0 0 0 0 1 0 1 0 0 0 0 0 0 0 
0 0 0 1 0 0 0 0 0 1 0 0 0 0 0 
0 0 0 0 0 1 0 0 1 0 1 0 0 0 0 
1 0 0 0 0 1 0 0 0 0 1 0 0 0 1 
0 0 0 1 0 0 0 0 1 1 0 0 0 0 1 
0 0 0 0 1 1 0 1 0 0 1 0 0 0 1 
0 0 1 0 0 0 0 0 0 0 0 0 0 0 0 
1 0 0 0 0 0 0 0 0 0 0 0 1 0 1 
0 0 0 0 1 0 0 0 0 0 0 0 1 1 0 
0 0 0 0 0 0 0 0 0 0 0 0 0 0 0 
0 0 0 1 0 0 0 0 0 0 0 1 0 0 0 
0 0 0 1 0 0 1 0 0 0 0 0 0 0 0 
0 0 0 0 1 0 0 1 0 1 1 0 1 1 0 
0 1 0 0 1 0 1 0 0 0 0 1 0 1 0 
0 0 0 0 0 0 0 1 0 0 0 0 0 1 0 
0 0 0 0 0 0 0 1 0 0 0 0 0 1 0 
1 1 0 0 0 1 0 0 0 0 1 0 0 0 0 
0 0 0 0 1 0 0 0 0 0 0 0 0 0 1

best known value of the number of tool setups: 19

problem 10:
---------

0 0 0 0 1 1 0 0 1 0 0 0 0 0 1 
0 0 0 1 0 0 0 0 0 1 0 0 1 1 0 
0 0 0 0 0 0 0 0 0 0 0 1 0 0 0 
0 0 0 0 0 0 1 1 0 0 1 0 0 0 0 
0 0 0 0 0 0 0 1 0 0 1 0 0 0 0 
0 1 0 0 0 0 0 0 1 0 0 0 0 0 0 
0 0 0 0 1 0 1 1 0 0 1 0 0 0 0 
0 0 1 0 0 0 0 0 0 0 0 0 0 0 0 
0 1 1 0 1 0 0 0 0 0 0 0 0 0 0 
0 0 1 0 1 0 0 0 0 0 1 0 0 0 1 
1 0 0 1 0 1 1 0 1 0 0 0 0 0 1 
0 0 0 0 0 0 0 1 0 0 0 0 0 1 0 
0 0 0 0 1 0 0 0 1 1 0 1 1 1 1 
1 1 0 0 0 0 0 1 0 0 0 0 0 0 0 
1 0 1 0 0 1 0 0 0 0 1 0 0 0 0 
1 0 1 0 0 0 0 0 0 0 0 0 0 0 0 
0 0 0 1 1 0 0 1 1 0 0 0 1 0 1 
1 0 0 0 0 0 0 0 0 0 0 0 0 1 0 
0 0 0 0 0 1 0 0 0 0 1 0 0 0 0 
0 0 1 0 0 0 0 0 0 1 0 0 0 0 1

best known value of the number of tool setups: 21
